-29350.0 12.6
-1410.3 10.0
4545.5 -21.5
-2556.2 -11.2
2950.9 -5.3
-3133.6 -27.3
1648.7 -8.3
-814.2 -11.1
1360.9 -1.5
-2404.2 -4.4
-56.9 3.8
1243.8 0.4
237.6 -0.2
453.4 -15.6
-549.6 -3.9
894.7 -1.7
799.6 -2.3
278.6 -1.3
55.8 -5.8
-134.0 4.1
-281.1 5.4
212.0 1.6
12.0 -6.8
-375.4 -4.1
-232.9 0.6
369.0 1.3
45.3 -0.5
187.2 0.0
220.0 2.1
-138.7 0.7
-122.9 0.5
-141.9 2.3
42.9 1.7
20.9 1.0
106.2 1.9
64.3 -0.2
63.8 -0.3
-18.4 0.3
76.7 0.8
16.8 -1.6
-115.7 1.2
48.9 -0.4
-40.9 -0.8
-59.8 0.8
14.9 0.4
10.9 0.7
-60.8 0.9
72.8 0.9
79.6 -0.1
-76.9 -0.1
-48.9 0.6
-8.8 -0.1
-14.4 0.5
59.3 0.5
-1.0 -0.7
15.8 -0.1
23.5 0.0
2.5 -0.8
-7.4 -0.9
-11.2 -0.8
-25.1 0.5
14.3 0.9
-2.2 -0.3
23.1 -0.1
10.9 0.2
7.2 -0.3
-17.5 0.0
-12.6 0.4
2.0 0.4
11.5 -0.3
-21.8 -0.1
-9.7 0.4
16.9 0.3
12.7 -0.5
14.9 0.1
0.7 -0.6
-16.8 0.0
-5.2 0.3
1.0 0.3
3.9 0.2
4.7 0.0
8.0 0.0
-24.8 0.0
3.0 0.0
12.1 0.0
-0.2 0.0
8.3 0.0
-2.5 0.0
-3.4 0.0
-13.1 0.0
-5.3 0.0
2.4 0.0
7.2 0.0
8.6 0.0
-0.6 0.0
-8.7 0.0
0.8 0.0
-12.8 0.0
9.8 0.0
-1.3 0.0
-6.4 0.0
3.3 0.0
0.2 0.0
0.1 0.0
2.0 0.0
2.5 0.0
-1.0 0.0
5.4 0.0
-0.5 0.0
-9.0 0.0
-0.9 0.0
0.4 0.0
1.5 0.0
-4.2 0.0
0.9 0.0
-3.8 0.0
-2.6 0.0
0.9 0.0
-3.9 0.0
-9.0 0.0
3.0 0.0
-1.4 0.0
0.0 0.0
-2.5 0.0
2.8 0.0
2.4 0.0
-0.6 0.0
-0.6 0.0
0.1 0.0
0.0 0.0
0.5 0.0
-0.6 0.0
-0.3 0.0
-0.1 0.0
-1.2 0.0
1.1 0.0
-1.7 0.0
-1.0 0.0
-2.9 0.0
-0.1 0.0
-1.8 0.0
2.6 0.0
-2.3 0.0
-2.0 0.0
-0.1 0.0
-1.2 0.0
0.4 0.0
0.6 0.0
1.2 0.0
1.0 0.0
-1.2 0.0
-1.5 0.0
0.6 0.0
0.0 0.0
0.5 0.0
0.6 0.0
0.5 0.0
-0.2 0.0
-0.1 0.0
0.8 0.0
-0.5 0.0
0.1 0.0
-0.2 0.0
-0.9 0.0
-1.2 0.0
0.1 0.0
-0.7 0.0
0.2 0.0
0.2 0.0
-0.9 0.0
-0.9 0.0
0.6 0.0
0.7 0.0
0.7 0.0
1.2 0.0
-0.2 0.0
-0.3 0.0
0.5 0.0
-1.3 0.0
0.1 0.0
-0.1 0.0
0.7 0.0
0.2 0.0
0.0 0.0
-0.2 0.0
0.3 0.0
0.5 0.0
0.2 0.0
0.6 0.0
0.4 0.0
-0.6 0.0
-0.5 0.0
-0.3 0.0
-0.4 0.0
-0.5 0.0
